Eisenstein series:

4 [100, 436, 986, 434, 102]
6 [0, 89, 1878, 91, 0]
8 [76, 219, 1467, 219, 77]
10 [96, 440, 984, 442, 96]
12 [0, 91, 1874, 93, 0]
14 [46, 246, 1474, 244, 48]
16 [46, 232, 1498, 238, 44]
18 [0, 91, 1874, 93, 0]
20 [94, 459, 951, 459, 95]
22 [74, 208, 1492, 210, 74]
24 [0, 90, 1876, 92, 0]
26 [94, 455, 958, 457, 94]
28 [44, 234, 1500, 236, 44]
30 [0, 49, 1958, 51, 0]
32 [93, 456, 958, 458, 93]
34 [92, 446, 982, 444, 94]
36 [0, 47, 1962, 49, 0]
38 [93, 459, 953, 459, 94]
40 [94, 444, 982, 442, 96]
42 [0, 8, 2040, 10, 0]
44 [47, 244, 1473, 248, 46]
46 [94, 444, 982, 442, 96]
48 [0, 89, 1878, 91, 0]
50 [76, 219, 1467, 219, 77]
52 [92, 446, 982, 444, 94]
54 [0, 90, 1876, 92, 0]
56 [47, 242, 1477, 246, 46]
58 [44, 234, 1500, 236, 44]
60 [0, 90, 1876, 92, 0]
62 [93, 461, 949, 461, 94]
64 [74, 208, 1492, 210, 74]
66 [0, 91, 1874, 93, 0]
68 [93, 456, 958, 458, 93]
70 [44, 234, 1500, 236, 44]
72 [0, 48, 1960, 50, 0]
74 [94, 455, 958, 457, 94]
76 [92, 446, 982, 444, 94]
78 [0, 48, 1960, 50, 0]
80 [94, 458, 953, 458, 95]
82 [94, 444, 982, 442, 96]
84 [0, 8, 2040, 10, 0]
86 [46, 247, 1473, 243, 49]
88 [97, 439, 984, 441, 97]
90 [0, 90, 1876, 92, 0]
92 [77, 219, 1466, 217, 79]
94 [97, 439, 986, 437, 99]
96 [0, 92, 1872, 94, 0]
98 [48, 237, 1486, 239, 48]
100 [46, 226, 1512, 228, 46]

One-dimensional cuspidal spaces:

12 [96, 440, 984, 442, 96]
16 [47, 244, 1473, 248, 46]
18 [94, 444, 982, 442, 96]
20 [92, 446, 982, 444, 94]
22 [76, 220, 1465, 220, 77]
26 [94, 446, 978, 444, 96]
