Eisenstein series:

4 [0, 13, 82, 15, 0]
6 [0, 13, 82, 15, 0]
8 [0, 13, 82, 15, 0]
10 [0, 9, 90, 11, 0]
12 [1, 15, 76, 17, 1]
14 [0, 16, 77, 16, 1]
16 [0, 12, 84, 14, 0]
18 [0, 13, 82, 15, 0]
20 [0, 9, 90, 11, 0]
22 [0, 16, 77, 16, 1]
24 [0, 12, 84, 14, 0]
26 [0, 16, 76, 18, 0]
28 [0, 11, 86, 13, 0]
30 [0, 9, 90, 11, 0]
32 [2, 14, 76, 17, 0]
34 [0, 9, 90, 11, 0]
36 [0, 10, 89, 10, 1]
38 [0, 20, 68, 22, 0]
40 [0, 9, 90, 11, 0]
42 [2, 13, 77, 17, 1]
44 [0, 9, 90, 11, 0]
46 [0, 9, 90, 11, 0]
48 [0, 12, 84, 14, 0]
50 [0, 9, 90, 11, 0]
52 [1, 15, 76, 17, 1]
54 [0, 12, 85, 12, 1]
56 [0, 12, 84, 14, 0]
58 [0, 12, 85, 12, 1]
60 [0, 9, 90, 11, 0]
62 [2, 22, 58, 28, 0]
64 [0, 12, 84, 14, 0]
66 [0, 9, 90, 11, 0]
68 [0, 9, 90, 11, 0]
70 [0, 9, 90, 11, 0]
72 [2, 11, 81, 15, 1]
74 [0, 20, 68, 22, 0]
76 [0, 10, 89, 10, 1]
78 [0, 9, 90, 11, 0]
80 [0, 9, 90, 11, 0]
82 [2, 12, 79, 16, 1]
84 [0, 11, 86, 13, 0]
86 [0, 16, 76, 18, 0]
88 [0, 12, 84, 14, 0]
90 [0, 9, 90, 11, 0]
92 [2, 13, 77, 17, 1]
94 [0, 13, 82, 15, 0]
96 [0, 12, 84, 14, 0]
98 [0, 16, 77, 16, 1]
100 [0, 9, 90, 11, 0]

One-dimensional cuspidal spaces:

12 [2, 14, 77, 15, 1]
16 [0, 12, 84, 14, 0]
18 [0, 10, 88, 12, 0]
20 [0, 12, 84, 14, 0]
22 [0, 16, 77, 16, 1]
26 [0, 15, 79, 15, 1]
