Eisenstein series:

4 [4, 220, 761, 220, 5]
6 [4, 221, 759, 221, 5]
8 [4, 220, 761, 220, 5]
10 [0, 16, 1176, 18, 0]
12 [1, 118, 971, 118, 2]
14 [5, 219, 761, 219, 6]
16 [5, 219, 761, 219, 6]
18 [5, 218, 763, 218, 6]
20 [0, 17, 1174, 19, 0]
22 [3, 115, 972, 117, 3]
24 [1, 115, 976, 117, 1]
26 [6, 216, 764, 218, 6]
28 [5, 218, 762, 220, 5]
30 [0, 16, 1176, 18, 0]
32 [5, 220, 759, 220, 6]
34 [0, 118, 972, 120, 0]
36 [4, 220, 760, 222, 4]
38 [6, 219, 758, 221, 6]
40 [0, 15, 1178, 17, 0]
42 [6, 219, 758, 221, 6]
44 [1, 115, 976, 117, 1]
46 [1, 116, 974, 118, 1]
48 [5, 220, 758, 222, 5]
50 [0, 26, 1156, 28, 0]
52 [6, 220, 756, 222, 6]
54 [4, 220, 760, 222, 4]
56 [0, 118, 972, 120, 0]
58 [4, 220, 760, 222, 4]
60 [0, 17, 1174, 19, 0]
62 [7, 219, 756, 221, 7]
64 [5, 220, 758, 222, 5]
66 [1, 116, 974, 118, 1]
68 [1, 115, 976, 117, 1]
70 [0, 17, 1174, 19, 0]
72 [6, 220, 756, 222, 6]
74 [5, 220, 758, 222, 5]
76 [4, 220, 760, 222, 4]
78 [0, 118, 972, 120, 0]
80 [0, 18, 1172, 20, 0]
82 [6, 220, 756, 222, 6]
84 [5, 218, 762, 220, 5]
86 [5, 217, 764, 219, 5]
88 [1, 115, 976, 117, 1]
90 [0, 16, 1176, 18, 0]
92 [6, 219, 758, 221, 6]
94 [5, 218, 763, 218, 6]
96 [5, 219, 761, 219, 6]
98 [4, 220, 761, 220, 5]
100 [0, 17, 1174, 19, 0]

One-dimensional cuspidal spaces:

12 [2, 117, 971, 117, 3]
16 [6, 218, 761, 218, 7]
18 [6, 219, 759, 219, 7]
20 [6, 218, 761, 218, 7]
22 [3, 114, 974, 116, 3]
26 [5, 219, 761, 219, 6]
