Eisenstein series:

4 [0, 18, 118, 20, 0]
6 [0, 16, 122, 18, 0]
8 [0, 16, 122, 18, 0]
10 [0, 15, 124, 17, 0]
12 [0, 11, 132, 13, 0]
14 [1, 19, 114, 21, 1]
16 [0, 22, 111, 22, 1]
18 [0, 14, 126, 16, 0]
20 [0, 14, 126, 16, 0]
22 [0, 17, 120, 19, 0]
24 [0, 11, 132, 13, 0]
26 [1, 20, 114, 19, 1]
28 [0, 17, 120, 19, 0]
30 [0, 19, 116, 21, 0]
32 [0, 17, 120, 19, 0]
34 [0, 17, 120, 19, 0]
36 [0, 11, 132, 13, 0]
38 [2, 18, 114, 21, 0]
40 [0, 13, 128, 15, 0]
42 [0, 15, 125, 15, 1]
44 [0, 21, 112, 23, 0]
46 [0, 15, 124, 17, 0]
48 [0, 11, 132, 13, 0]
50 [2, 17, 115, 21, 1]
52 [0, 14, 126, 16, 0]
54 [0, 12, 130, 14, 0]
56 [0, 14, 126, 16, 0]
58 [0, 27, 100, 29, 0]
60 [0, 11, 132, 13, 0]
62 [1, 17, 118, 19, 1]
64 [0, 14, 127, 14, 1]
66 [0, 12, 130, 14, 0]
68 [0, 13, 129, 13, 1]
70 [0, 17, 120, 19, 0]
72 [0, 11, 132, 13, 0]
74 [2, 15, 119, 19, 1]
76 [0, 17, 120, 19, 0]
78 [0, 13, 128, 15, 0]
80 [0, 13, 128, 15, 0]
82 [0, 17, 120, 19, 0]
84 [0, 11, 132, 13, 0]
86 [2, 28, 92, 34, 0]
88 [0, 17, 120, 19, 0]
90 [0, 13, 129, 13, 1]
92 [0, 12, 130, 14, 0]
94 [0, 14, 127, 14, 1]
96 [0, 11, 132, 13, 0]
98 [2, 16, 117, 20, 1]
100 [0, 27, 100, 29, 0]

One-dimensional cuspidal spaces:

12 [1, 19, 114, 21, 1]
16 [1, 20, 113, 21, 0]
18 [1, 14, 124, 16, 1]
20 [1, 14, 124, 16, 1]
22 [1, 16, 120, 18, 1]
26 [0, 20, 115, 20, 1]
