Eisenstein series:

[(4, [4, 318, 1383, 318, 5]),
 (6, [4, 313, 1393, 313, 5]),
 (8, [4, 314, 1391, 314, 5]),
 (10, [5, 312, 1393, 312, 6]),
 (12, [0, 22, 1982, 24]),
 (14, [1, 165, 1695, 165, 2]),
 (16, [5, 312, 1392, 314, 5]),
 (18, [5, 314, 1389, 314, 6]),
 (20, [5, 314, 1389, 314, 6]),
 (22, [6, 316, 1383, 316, 7]),
 (24, [0, 19, 1988, 21]),
 (26, [3, 162, 1696, 164, 3]),
 (28, [1, 167, 1690, 169, 1]),
 (30, [6, 312, 1390, 314, 6]),
 (32, [5, 313, 1390, 315, 5]),
 (34, [5, 311, 1394, 313, 5]),
 (36, [0, 21, 1984, 23]),
 (38, [5, 314, 1389, 314, 6]),
 (40, [0, 169, 1688, 171]),
 (42, [4, 316, 1386, 318, 4]),
 (44, [6, 313, 1388, 315, 6]),
 (46, [5, 311, 1394, 313, 5]),
 (48, [0, 21, 1984, 23]),
 (50, [6, 312, 1390, 314, 6]),
 (52, [1, 167, 1690, 169, 1]),
 (54, [1, 166, 1692, 168, 1]),
 (56, [5, 313, 1390, 315, 5]),
 (58, [6, 316, 1382, 318, 6]),
 (60, [0, 20, 1986, 22]),
 (62, [6, 312, 1390, 314, 6]),
 (64, [4, 313, 1392, 315, 4]),
 (66, [0, 168, 1690, 170]),
 (68, [4, 316, 1386, 318, 4]),
 (70, [5, 313, 1390, 315, 5]),
 (72, [0, 32, 1962, 34]),
 (74, [6, 312, 1390, 314, 6]),
 (76, [5, 318, 1380, 320, 5]),
 (78, [1, 166, 1692, 168, 1]),
 (80, [1, 166, 1692, 168, 1]),
 (82, [5, 318, 1380, 320, 5]),
 (84, [0, 19, 1988, 21]),
 (86, [7, 311, 1390, 313, 7]),
 (88, [5, 313, 1390, 315, 5]),
 (90, [4, 316, 1386, 318, 4]),
 (92, [0, 168, 1690, 170]),
 (94, [4, 313, 1392, 315, 4]),
 (96, [0, 19, 1988, 21]),
 (98, [6, 312, 1390, 314, 6]),
 (100, [5, 317, 1382, 319, 5])]

One-dimensional cuspidal spaces:

[(12, [6, 312, 1391, 312, 7]),
 (16, [7, 311, 1391, 311, 8]),
 (18, [8, 309, 1393, 309, 9]),
 (20, [7, 311, 1391, 311, 8]),
 (22, [7, 310, 1393, 310, 8]),
 (26, [1, 168, 1691, 164, 4])]
