Eisenstein series:

4 [0, 24, 222, 26, 0]
6 [0, 24, 222, 26, 0]
8 [0, 22, 226, 24, 0]
10 [0, 23, 224, 25, 0]
12 [0, 23, 224, 25, 0]
14 [0, 25, 220, 27, 0]
16 [0, 15, 240, 17, 0]
18 [1, 25, 218, 27, 1]
20 [0, 28, 215, 28, 1]
22 [0, 23, 224, 25, 0]
24 [0, 22, 226, 24, 0]
26 [0, 22, 226, 24, 0]
28 [0, 19, 232, 21, 0]
30 [0, 23, 224, 25, 0]
32 [0, 15, 240, 17, 0]
34 [1, 28, 214, 27, 1]
36 [0, 24, 222, 26, 0]
38 [0, 27, 216, 29, 0]
40 [0, 20, 230, 22, 0]
42 [0, 15, 240, 17, 0]
44 [0, 21, 228, 23, 0]
46 [0, 20, 230, 22, 0]
48 [0, 15, 240, 17, 0]
50 [2, 26, 214, 29, 0]
52 [0, 21, 228, 23, 0]
54 [0, 22, 227, 22, 1]
56 [0, 30, 210, 32, 0]
58 [0, 19, 232, 21, 0]
60 [0, 24, 222, 26, 0]
62 [0, 23, 224, 25, 0]
64 [0, 15, 240, 17, 0]
66 [2, 23, 219, 27, 1]
68 [0, 22, 227, 22, 1]
70 [0, 20, 230, 22, 0]
72 [0, 19, 232, 21, 0]
74 [0, 31, 208, 33, 0]
76 [0, 20, 230, 22, 0]
78 [0, 21, 228, 23, 0]
80 [0, 15, 240, 17, 0]
82 [2, 26, 214, 28, 2]
84 [0, 22, 227, 22, 1]
86 [0, 17, 236, 19, 0]
88 [0, 20, 231, 20, 1]
90 [0, 22, 226, 24, 0]
92 [0, 33, 204, 35, 0]
94 [0, 22, 226, 24, 0]
96 [0, 15, 240, 17, 0]
98 [2, 25, 215, 29, 1]
100 [0, 22, 226, 24, 0]

One-dimensional cuspidal spaces:

12 [1, 22, 224, 24, 1]
16 [1, 25, 218, 27, 1]
18 [2, 24, 219, 25, 1]
20 [1, 26, 217, 27, 0]
22 [1, 24, 220, 26, 1]
26 [1, 22, 224, 24, 1]
