Eisenstein series:

4 [0, 38, 428, 40, 0]
6 [0, 35, 434, 37, 0]
8 [0, 34, 436, 36, 0]
10 [0, 33, 438, 35, 0]
12 [0, 28, 448, 30, 0]
14 [0, 33, 438, 35, 0]
16 [0, 29, 446, 31, 0]
18 [0, 31, 442, 33, 0]
20 [0, 35, 434, 37, 0]
22 [0, 21, 462, 23, 0]
24 [1, 37, 428, 39, 1]
26 [0, 42, 421, 42, 1]
28 [0, 33, 438, 35, 0]
30 [0, 29, 446, 31, 0]
32 [0, 31, 442, 33, 0]
34 [0, 30, 444, 32, 0]
36 [0, 31, 442, 33, 0]
38 [0, 34, 436, 36, 0]
40 [0, 31, 442, 33, 0]
42 [0, 33, 438, 35, 0]
44 [0, 21, 462, 23, 0]
46 [1, 40, 424, 39, 1]
48 [0, 36, 432, 38, 0]
50 [0, 40, 424, 42, 0]
52 [0, 32, 440, 34, 0]
54 [0, 27, 450, 29, 0]
56 [0, 29, 446, 31, 0]
58 [0, 32, 440, 34, 0]
60 [0, 29, 446, 31, 0]
62 [0, 32, 440, 34, 0]
64 [0, 34, 436, 36, 0]
66 [0, 21, 462, 23, 0]
68 [2, 36, 428, 39, 0]
70 [0, 33, 438, 35, 0]
72 [0, 32, 441, 32, 1]
74 [0, 40, 424, 42, 0]
76 [0, 26, 452, 28, 0]
78 [0, 32, 440, 34, 0]
80 [0, 27, 450, 29, 0]
82 [0, 26, 452, 28, 0]
84 [0, 30, 444, 32, 0]
86 [0, 34, 436, 36, 0]
88 [0, 21, 462, 23, 0]
90 [2, 35, 429, 39, 1]
92 [0, 34, 437, 34, 1]
94 [0, 32, 440, 34, 0]
96 [0, 31, 442, 33, 0]
98 [0, 43, 418, 45, 0]
100 [0, 27, 450, 29, 0]

One-dimensional cuspidal spaces:

12 [1, 27, 448, 29, 1]
16 [1, 28, 446, 30, 1]
18 [1, 30, 442, 32, 1]
20 [1, 34, 434, 36, 1]
22 [1, 39, 424, 41, 1]
26 [1, 40, 423, 41, 0]
