Eisenstein series:

[(4, [0, 51, 708, 53]),
 (6, [0, 44, 722, 46]),
 (8, [0, 46, 718, 48]),
 (10, [0, 45, 720, 47]),
 (12, [0, 42, 726, 44]),
 (14, [0, 42, 726, 44]),
 (16, [0, 37, 736, 39]),
 (18, [0, 37, 736, 39]),
 (20, [0, 42, 726, 44]),
 (22, [0, 43, 724, 45]),
 (24, [0, 43, 724, 45]),
 (26, [0, 49, 712, 51]),
 (28, [0, 27, 756, 29]),
 (30, [1, 51, 706, 53, 1]),
 (32, [0, 54, 703, 54, 1]),
 (34, [0, 47, 716, 49]),
 (36, [0, 41, 728, 43]),
 (38, [0, 41, 728, 43]),
 (40, [0, 38, 734, 40]),
 (42, [0, 42, 726, 44]),
 (44, [0, 34, 742, 36]),
 (46, [0, 41, 728, 43]),
 (48, [0, 40, 730, 42]),
 (50, [0, 41, 728, 43]),
 (52, [0, 43, 724, 45]),
 (54, [0, 46, 718, 48]),
 (56, [0, 27, 756, 29]),
 (58, [1, 52, 706, 51, 1, 1]),
 (60, [0, 49, 712, 51]),
 (62, [0, 50, 710, 52]),
 (64, [0, 43, 724, 45]),
 (66, [0, 39, 732, 41]),
 (68, [0, 35, 740, 37]),
 (70, [0, 36, 738, 38]),
 (72, [0, 39, 732, 41]),
 (74, [0, 38, 734, 40]),
 (76, [0, 39, 732, 41]),
 (78, [0, 41, 728, 43]),
 (80, [0, 46, 718, 48]),
 (82, [0, 47, 716, 49]),
 (84, [0, 27, 756, 29]),
 (86, [2, 48, 710, 51, 0, 1]),
 (88, [0, 46, 718, 48]),
 (90, [0, 45, 721, 45, 1]),
 (92, [0, 52, 706, 54]),
 (94, [0, 38, 734, 40]),
 (96, [0, 42, 726, 44]),
 (98, [0, 41, 728, 43]),
 (100, [0, 38, 734, 40])]

One-dimensional cuspidal spaces:

[(12, [1, 41, 726, 43, 1]),
 (16, [1, 36, 736, 38, 1]),
 (18, [1, 36, 736, 38, 1]),
 (20, [1, 41, 726, 43, 1]),
 (22, [1, 42, 724, 44, 1]),
 (26, [1, 48, 712, 50, 1])]
