Eisenstein series:

[(4, [0, 54, 820, 56]),
 (6, [0, 48, 832, 50]),
 (8, [0, 44, 840, 46]),
 (10, [0, 42, 844, 44]),
 (12, [0, 45, 838, 47]),
 (14, [0, 39, 850, 41]),
 (16, [0, 43, 842, 45]),
 (18, [0, 42, 844, 44]),
 (20, [0, 42, 844, 44]),
 (22, [0, 45, 838, 47]),
 (24, [0, 47, 834, 49]),
 (26, [0, 47, 834, 49]),
 (28, [0, 53, 822, 55]),
 (30, [0, 29, 870, 31]),
 (32, [1, 53, 820, 55, 1]),
 (34, [0, 58, 813, 58, 1]),
 (36, [0, 51, 826, 53]),
 (38, [0, 46, 836, 48]),
 (40, [0, 46, 836, 48]),
 (42, [0, 41, 846, 43]),
 (44, [0, 44, 840, 46]),
 (46, [0, 40, 848, 42]),
 (48, [0, 44, 840, 46]),
 (50, [0, 41, 846, 43]),
 (52, [0, 44, 840, 46]),
 (54, [0, 47, 834, 49]),
 (56, [0, 45, 838, 47]),
 (58, [0, 51, 826, 53]),
 (60, [0, 29, 870, 31]),
 (62, [1, 56, 816, 55, 1, 1]),
 (64, [0, 52, 824, 54]),
 (66, [0, 57, 814, 59]),
 (68, [0, 48, 832, 50]),
 (70, [0, 40, 848, 42]),
 (72, [0, 42, 844, 44]),
 (74, [0, 45, 838, 47]),
 (76, [0, 36, 856, 38]),
 (78, [0, 40, 848, 42]),
 (80, [0, 40, 848, 42]),
 (82, [0, 45, 838, 47]),
 (84, [0, 42, 844, 44]),
 (86, [0, 45, 838, 47]),
 (88, [0, 49, 830, 51]),
 (90, [0, 29, 870, 31]),
 (92, [2, 54, 816, 57, 0, 1]),
 (94, [0, 47, 834, 49]),
 (96, [0, 50, 829, 50, 1]),
 (98, [0, 54, 820, 56]),
 (100, [0, 46, 836, 48])]

One-dimensional cuspidal spaces:

[(12, [1, 44, 838, 46, 1]),
 (16, [1, 42, 842, 44, 1]),
 (18, [1, 41, 844, 43, 1]),
 (20, [1, 41, 844, 43, 1]),
 (22, [1, 44, 838, 46, 1]),
 (26, [1, 46, 834, 48, 1])]
