Eisenstein series:

4 [0, 67, 1196, 69, 0]
6 [0, 62, 1206, 64, 0]
8 [0, 59, 1212, 61, 0]
10 [0, 58, 1214, 60, 0]
12 [0, 52, 1226, 54, 0]
14 [0, 54, 1222, 56, 0]
16 [0, 55, 1220, 57, 0]
18 [0, 50, 1230, 52, 0]
20 [0, 53, 1224, 55, 0]
22 [0, 49, 1232, 51, 0]
24 [0, 58, 1214, 60, 0]
26 [0, 55, 1220, 57, 0]
28 [0, 59, 1212, 61, 0]
30 [0, 55, 1220, 57, 0]
32 [0, 59, 1212, 61, 0]
34 [0, 65, 1200, 67, 0]
36 [0, 35, 1260, 37, 0]
38 [1, 67, 1194, 69, 1]
40 [0, 70, 1191, 70, 1]
42 [0, 63, 1204, 65, 0]
44 [0, 57, 1216, 59, 0]
46 [0, 54, 1222, 56, 0]
48 [0, 55, 1220, 57, 0]
50 [0, 54, 1222, 56, 0]
52 [0, 48, 1234, 50, 0]
54 [0, 46, 1238, 48, 0]
56 [0, 53, 1224, 55, 0]
58 [0, 53, 1224, 55, 0]
60 [0, 49, 1232, 51, 0]
62 [0, 49, 1232, 51, 0]
64 [0, 52, 1226, 54, 0]
66 [0, 59, 1212, 61, 0]
68 [0, 57, 1216, 59, 0]
70 [0, 63, 1204, 65, 0]
72 [0, 35, 1260, 37, 0]
74 [1, 68, 1194, 67, 1]
76 [0, 65, 1200, 67, 0]
78 [0, 66, 1198, 68, 0]
80 [0, 60, 1210, 62, 0]
82 [0, 52, 1226, 54, 0]
84 [0, 54, 1222, 56, 0]
86 [0, 49, 1232, 51, 0]
88 [0, 50, 1230, 52, 0]
90 [0, 46, 1238, 48, 0]
92 [0, 51, 1228, 53, 0]
94 [0, 51, 1228, 53, 0]
96 [0, 51, 1228, 53, 0]
98 [0, 51, 1228, 53, 0]
100 [0, 52, 1226, 54, 0]

One-dimensional cuspidal spaces:

12 [1, 51, 1226, 53, 1]
16 [1, 53, 1222, 55, 1]
18 [1, 49, 1230, 51, 1]
20 [1, 52, 1224, 54, 1]
22 [1, 48, 1232, 50, 1]
26 [1, 54, 1220, 56, 1]
