Eisenstein series:

[(4, [0, 2, 0, 4]),
 (6, [0, 0, 4, 2]),
 (8, [0, 2, 0, 4]),
 (10, [0, 2, 0, 4]),
 (12, [0, 0, 4, 2]),
 (14, [0, 2, 0, 4]),
 (16, [0, 2, 0, 4]),
 (18, [0, 0, 4, 2]),
 (20, [0, 2, 0, 4]),
 (22, [0, 2, 0, 4]),
 (24, [0, 0, 4, 2]),
 (26, [0, 2, 0, 4]),
 (28, [0, 2, 0, 4]),
 (30, [0, 0, 4, 2]),
 (32, [0, 2, 0, 4]),
 (34, [0, 2, 0, 4]),
 (36, [0, 0, 4, 2]),
 (38, [0, 2, 0, 4]),
 (40, [0, 2, 0, 4]),
 (42, [0, 0, 4, 2]),
 (44, [0, 2, 0, 4]),
 (46, [0, 2, 0, 4]),
 (48, [0, 0, 4, 2]),
 (50, [0, 2, 0, 4]),
 (52, [0, 2, 0, 4]),
 (54, [0, 0, 4, 2]),
 (56, [0, 2, 0, 4]),
 (58, [0, 2, 0, 4]),
 (60, [0, 0, 4, 2]),
 (62, [0, 2, 0, 4]),
 (64, [0, 2, 0, 4]),
 (66, [0, 0, 4, 2]),
 (68, [0, 2, 0, 4]),
 (70, [0, 2, 0, 4]),
 (72, [0, 0, 4, 2]),
 (74, [0, 2, 0, 4]),
 (76, [0, 2, 0, 4]),
 (78, [0, 0, 4, 2]),
 (80, [0, 2, 0, 4]),
 (82, [0, 2, 0, 4]),
 (84, [0, 0, 4, 2]),
 (86, [0, 2, 0, 4]),
 (88, [0, 2, 0, 4]),
 (90, [0, 0, 4, 2]),
 (92, [0, 2, 0, 4]),
 (94, [0, 2, 0, 4]),
 (96, [0, 0, 4, 2]),
 (98, [0, 2, 0, 4]),
 (100, [0, 2, 0, 4])]

One-dimensional cuspidal spaces:

[(12, [0, 3, 0, 2, 0, 1]),
 (16, [0, 4, 0, 0, 0, 2]),
 (18, [0, 3, 0, 2, 0, 1]),
 (20, [0, 3, 0, 2, 0, 1]),
 (22, [0, 4, 0, 0, 0, 2]),
 (26, [0, 3, 0, 2, 0, 1])]
