Eisenstein series:

[(4, [0, 4, 8, 6]),
 (6, [0, 2, 12, 4]),
 (8, [0, 3, 10, 5]),
 (10, [0, 4, 8, 6]),
 (12, [0, 2, 12, 4]),
 (14, [0, 3, 10, 5]),
 (16, [0, 4, 8, 6]),
 (18, [0, 0, 16, 2]),
 (20, [0, 3, 10, 5]),
 (22, [0, 4, 8, 6]),
 (24, [0, 2, 12, 4]),
 (26, [0, 3, 10, 5]),
 (28, [0, 4, 8, 6]),
 (30, [0, 2, 12, 4]),
 (32, [0, 3, 10, 5]),
 (34, [0, 4, 8, 6]),
 (36, [0, 0, 16, 2]),
 (38, [0, 3, 10, 5]),
 (40, [0, 4, 8, 6]),
 (42, [0, 2, 12, 4]),
 (44, [0, 3, 10, 5]),
 (46, [0, 4, 8, 6]),
 (48, [0, 2, 12, 4]),
 (50, [0, 3, 10, 5]),
 (52, [0, 4, 8, 6]),
 (54, [0, 0, 16, 2]),
 (56, [0, 3, 10, 5]),
 (58, [0, 4, 8, 6]),
 (60, [0, 2, 12, 4]),
 (62, [0, 3, 10, 5]),
 (64, [0, 4, 8, 6]),
 (66, [0, 2, 12, 4]),
 (68, [0, 3, 10, 5]),
 (70, [0, 4, 8, 6]),
 (72, [0, 0, 16, 2]),
 (74, [0, 3, 10, 5]),
 (76, [0, 4, 8, 6]),
 (78, [0, 2, 12, 4]),
 (80, [0, 3, 10, 5]),
 (82, [0, 4, 8, 6]),
 (84, [0, 2, 12, 4]),
 (86, [0, 3, 10, 5]),
 (88, [0, 4, 8, 6]),
 (90, [0, 0, 16, 2]),
 (92, [0, 3, 10, 5]),
 (94, [0, 4, 8, 6]),
 (96, [0, 2, 12, 4]),
 (98, [0, 3, 10, 5]),
 (100, [0, 4, 8, 6])]

One-dimensional cuspidal spaces:

[(12, [1, 6, 3, 6, 2]),
 (16, [2, 6, 4, 2, 2, 2]),
 (18, [1, 6, 3, 6, 2]),
 (20, [1, 6, 3, 6, 2]),
 (22, [1, 7, 4, 1, 5]),
 (26, [1, 6, 3, 6, 2])]
