Eisenstein series:

4 [0, 9, 34, 11, 0]
6 [0, 3, 46, 5, 0]
8 [0, 8, 36, 10, 0]
10 [0, 10, 32, 12, 0]
12 [0, 3, 46, 5, 0]
14 [0, 7, 38, 9, 0]
16 [0, 9, 34, 11, 0]
18 [0, 2, 48, 4, 0]
20 [0, 8, 36, 10, 0]
22 [0, 9, 34, 11, 0]
24 [0, 3, 46, 5, 0]
26 [0, 8, 36, 10, 0]
28 [0, 10, 32, 12, 0]
30 [0, 3, 46, 5, 0]
32 [0, 7, 38, 9, 0]
34 [0, 9, 34, 11, 0]
36 [0, 2, 48, 4, 0]
38 [0, 8, 36, 10, 0]
40 [0, 9, 34, 11, 0]
42 [0, 3, 46, 5, 0]
44 [0, 8, 36, 10, 0]
46 [0, 10, 32, 12, 0]
48 [0, 3, 46, 5, 0]
50 [0, 7, 38, 9, 0]
52 [0, 9, 34, 11, 0]
54 [0, 0, 52, 2, 0]
56 [0, 8, 36, 10, 0]
58 [0, 9, 34, 11, 0]
60 [0, 3, 46, 5, 0]
62 [0, 8, 36, 10, 0]
64 [0, 10, 32, 12, 0]
66 [0, 3, 46, 5, 0]
68 [0, 7, 38, 9, 0]
70 [0, 9, 34, 11, 0]
72 [0, 2, 48, 4, 0]
74 [0, 8, 36, 10, 0]
76 [0, 9, 34, 11, 0]
78 [0, 3, 46, 5, 0]
80 [0, 8, 36, 10, 0]
82 [0, 10, 32, 12, 0]
84 [0, 3, 46, 5, 0]
86 [0, 7, 38, 9, 0]
88 [0, 9, 34, 11, 0]
90 [0, 2, 48, 4, 0]
92 [0, 8, 36, 10, 0]
94 [0, 9, 34, 11, 0]
96 [0, 3, 46, 5, 0]
98 [0, 8, 36, 10, 0]
100 [0, 10, 32, 12, 0]

One-dimensional cuspidal spaces:

12 [6, 15, 13, 11, 9]
16 [8, 12, 16, 6, 12]
18 [5, 16, 15, 8, 10]
20 [5, 16, 15, 8, 10]
22 [10, 10, 16, 4, 14]
26 [6, 15, 13, 11, 9]
