Eisenstein series:

[(4, [0, 30, 100, 32]),
 (6, [0, 7, 146, 9]),
 (8, [0, 27, 106, 29]),
 (10, [0, 28, 104, 30]),
 (12, [0, 8, 144, 10]),
 (14, [0, 29, 102, 31]),
 (16, [0, 30, 100, 32]),
 (18, [0, 3, 154, 5]),
 (20, [0, 26, 108, 28]),
 (22, [0, 30, 100, 32]),
 (24, [0, 7, 146, 9]),
 (26, [0, 27, 106, 29]),
 (28, [0, 28, 104, 30]),
 (30, [0, 8, 144, 10]),
 (32, [0, 29, 102, 31]),
 (34, [0, 30, 100, 32]),
 (36, [0, 3, 154, 5]),
 (38, [0, 26, 108, 28]),
 (40, [0, 30, 100, 32]),
 (42, [0, 7, 146, 9]),
 (44, [0, 27, 106, 29]),
 (46, [0, 28, 104, 30]),
 (48, [0, 8, 144, 10]),
 (50, [0, 29, 102, 31]),
 (52, [0, 30, 100, 32]),
 (54, [0, 2, 156, 4]),
 (56, [0, 26, 108, 28]),
 (58, [0, 30, 100, 32]),
 (60, [0, 7, 146, 9]),
 (62, [0, 27, 106, 29]),
 (64, [0, 28, 104, 30]),
 (66, [0, 8, 144, 10]),
 (68, [0, 29, 102, 31]),
 (70, [0, 30, 100, 32]),
 (72, [0, 3, 154, 5]),
 (74, [0, 26, 108, 28]),
 (76, [0, 30, 100, 32]),
 (78, [0, 7, 146, 9]),
 (80, [0, 27, 106, 29]),
 (82, [0, 28, 104, 30]),
 (84, [0, 8, 144, 10]),
 (86, [0, 29, 102, 31]),
 (88, [0, 30, 100, 32]),
 (90, [0, 3, 154, 5]),
 (92, [0, 26, 108, 28]),
 (94, [0, 30, 100, 32]),
 (96, [0, 7, 146, 9]),
 (98, [0, 27, 106, 29]),
 (100, [0, 28, 104, 30])]

One-dimensional cuspidal spaces:

[(12, [26, 38, 34, 36, 28]),
 (16, [44, 12, 52, 6, 48]),
 (18, [25, 31, 51, 27, 28]),
 (20, [24, 33, 51, 25, 29]),
 (22, [43, 13, 52, 7, 47]),
 (26, [24, 41, 35, 33, 29])]
