Eisenstein series:

4 [0, 73, 1492, 75, 0]
6 [0, 70, 1498, 72, 0]
8 [0, 67, 1504, 69, 0]
10 [0, 63, 1512, 65, 0]
12 [0, 59, 1520, 61, 0]
14 [0, 63, 1512, 65, 0]
16 [0, 62, 1514, 64, 0]
18 [0, 55, 1528, 57, 0]
20 [0, 56, 1526, 58, 0]
22 [0, 58, 1522, 60, 0]
24 [0, 62, 1514, 64, 0]
26 [0, 61, 1516, 63, 0]
28 [0, 57, 1524, 59, 0]
30 [0, 64, 1510, 66, 0]
32 [0, 60, 1518, 62, 0]
34 [0, 63, 1512, 65, 0]
36 [0, 69, 1500, 71, 0]
38 [0, 73, 1492, 75, 0]
40 [0, 39, 1560, 41, 0]
42 [1, 73, 1490, 75, 1]
44 [0, 76, 1487, 76, 1]
46 [0, 71, 1496, 73, 0]
48 [0, 66, 1506, 68, 0]
50 [0, 61, 1516, 63, 0]
52 [0, 58, 1522, 60, 0]
54 [0, 64, 1510, 66, 0]
56 [0, 55, 1528, 57, 0]
58 [0, 55, 1528, 57, 0]
60 [0, 55, 1528, 57, 0]
62 [0, 56, 1526, 58, 0]
64 [0, 56, 1526, 58, 0]
66 [0, 57, 1524, 59, 0]
68 [0, 57, 1524, 59, 0]
70 [0, 61, 1516, 63, 0]
72 [0, 63, 1512, 65, 0]
74 [0, 68, 1502, 70, 0]
76 [0, 67, 1504, 69, 0]
78 [0, 70, 1498, 72, 0]
80 [0, 39, 1560, 41, 0]
82 [1, 76, 1486, 75, 1]
84 [0, 73, 1492, 75, 0]
86 [0, 75, 1488, 77, 0]
88 [0, 67, 1504, 69, 0]
90 [0, 62, 1514, 64, 0]
92 [0, 62, 1514, 64, 0]
94 [0, 59, 1520, 61, 0]
96 [0, 58, 1522, 60, 0]
98 [0, 53, 1532, 55, 0]
100 [0, 56, 1526, 58, 0]

One-dimensional cuspidal spaces:

12 [1, 58, 1520, 60, 1]
16 [1, 61, 1514, 63, 1]
18 [1, 54, 1528, 56, 1]
20 [1, 55, 1526, 57, 1]
22 [1, 57, 1522, 59, 1]
26 [1, 60, 1516, 62, 1]
