Eisenstein series:

4 [0, 77, 1650, 79, 0]
6 [0, 75, 1654, 77, 0]
8 [0, 68, 1668, 70, 0]
10 [0, 69, 1666, 71, 0]
12 [0, 64, 1676, 66, 0]
14 [0, 64, 1676, 66, 0]
16 [0, 61, 1682, 63, 0]
18 [0, 61, 1682, 63, 0]
20 [0, 57, 1690, 59, 0]
22 [0, 63, 1678, 65, 0]
24 [0, 61, 1682, 63, 0]
26 [0, 65, 1674, 67, 0]
28 [0, 62, 1680, 64, 0]
30 [0, 68, 1668, 70, 0]
32 [0, 61, 1682, 63, 0]
34 [0, 63, 1678, 65, 0]
36 [0, 67, 1670, 69, 0]
38 [0, 71, 1662, 73, 0]
40 [0, 77, 1650, 79, 0]
42 [0, 41, 1722, 43, 0]
44 [1, 79, 1644, 81, 1]
46 [0, 80, 1645, 80, 1]
48 [0, 75, 1654, 77, 0]
50 [0, 69, 1666, 71, 0]
52 [0, 65, 1674, 67, 0]
54 [0, 62, 1680, 64, 0]
56 [0, 63, 1678, 65, 0]
58 [0, 63, 1678, 65, 0]
60 [0, 61, 1682, 63, 0]
62 [0, 64, 1676, 66, 0]
64 [0, 64, 1676, 66, 0]
66 [0, 59, 1686, 61, 0]
68 [0, 59, 1686, 61, 0]
70 [0, 56, 1692, 58, 0]
72 [0, 58, 1688, 60, 0]
74 [0, 65, 1674, 67, 0]
76 [0, 63, 1678, 65, 0]
78 [0, 68, 1668, 70, 0]
80 [0, 72, 1660, 74, 0]
82 [0, 75, 1654, 77, 0]
84 [0, 41, 1722, 43, 0]
86 [1, 80, 1644, 79, 1]
88 [0, 77, 1650, 79, 0]
90 [0, 82, 1640, 84, 0]
92 [0, 70, 1664, 72, 0]
94 [0, 67, 1670, 69, 0]
96 [0, 67, 1670, 69, 0]
98 [0, 64, 1676, 66, 0]
100 [0, 62, 1680, 64, 0]

One-dimensional cuspidal spaces:

12 [1, 63, 1676, 65, 1]
16 [1, 60, 1682, 62, 1]
18 [1, 60, 1682, 62, 1]
20 [1, 56, 1690, 58, 1]
22 [1, 62, 1678, 64, 1]
26 [1, 64, 1674, 66, 1]
