Eisenstein series:

4 [0, 86, 1988, 88, 0]
6 [0, 82, 1996, 84, 0]
8 [0, 79, 2002, 81, 0]
10 [0, 72, 2016, 74, 0]
12 [0, 72, 2016, 74, 0]
14 [0, 71, 2018, 73, 0]
16 [0, 64, 2032, 66, 0]
18 [0, 68, 2024, 70, 0]
20 [0, 68, 2024, 70, 0]
22 [0, 65, 2030, 67, 0]
24 [0, 66, 2028, 68, 0]
26 [0, 64, 2032, 66, 0]
28 [0, 67, 2026, 69, 0]
30 [0, 59, 2042, 61, 0]
32 [0, 67, 2026, 69, 0]
34 [0, 73, 2014, 75, 0]
36 [0, 75, 2010, 77, 0]
38 [0, 77, 2006, 79, 0]
40 [0, 75, 2010, 77, 0]
42 [0, 81, 1998, 83, 0]
44 [0, 85, 1990, 87, 0]
46 [0, 45, 2070, 47, 0]
48 [1, 85, 1988, 87, 1]
50 [0, 90, 1981, 90, 1]
52 [0, 83, 1994, 85, 0]
54 [0, 79, 2002, 81, 0]
56 [0, 73, 2014, 75, 0]
58 [0, 75, 2010, 77, 0]
60 [0, 80, 2000, 82, 0]
62 [0, 69, 2022, 71, 0]
64 [0, 68, 2024, 70, 0]
66 [0, 62, 2036, 64, 0]
68 [0, 64, 2032, 66, 0]
70 [0, 58, 2044, 60, 0]
72 [0, 67, 2026, 69, 0]
74 [0, 67, 2026, 69, 0]
76 [0, 68, 2024, 70, 0]
78 [0, 69, 2022, 71, 0]
80 [0, 69, 2022, 71, 0]
82 [0, 69, 2022, 71, 0]
84 [0, 70, 2020, 72, 0]
86 [0, 73, 2014, 75, 0]
88 [0, 77, 2006, 79, 0]
90 [0, 81, 1998, 83, 0]
92 [0, 45, 2070, 47, 0]
94 [1, 88, 1984, 87, 1]
96 [0, 84, 1992, 86, 0]
98 [0, 89, 1982, 91, 0]
100 [0, 78, 2004, 80, 0]

One-dimensional cuspidal spaces:

12 [1, 71, 2016, 73, 1]
16 [1, 63, 2032, 65, 1]
18 [1, 67, 2024, 69, 1]
20 [1, 67, 2024, 69, 1]
22 [1, 64, 2030, 66, 1]
26 [1, 63, 2032, 65, 1]
