Eisenstein series:

4 [0, 99, 2556, 101, 0]
6 [0, 92, 2570, 94, 0]
8 [0, 91, 2572, 93, 0]
10 [0, 88, 2578, 90, 0]
12 [0, 87, 2580, 89, 0]
14 [0, 81, 2592, 83, 0]
16 [0, 83, 2588, 85, 0]
18 [0, 78, 2598, 80, 0]
20 [0, 83, 2588, 85, 0]
22 [0, 78, 2598, 80, 0]
24 [0, 77, 2600, 79, 0]
26 [0, 76, 2602, 78, 0]
28 [0, 75, 2604, 77, 0]
30 [0, 72, 2610, 74, 0]
32 [0, 73, 2608, 75, 0]
34 [0, 79, 2596, 81, 0]
36 [0, 77, 2600, 79, 0]
38 [0, 81, 2592, 83, 0]
40 [0, 83, 2588, 85, 0]
42 [0, 79, 2596, 81, 0]
44 [0, 89, 2576, 91, 0]
46 [0, 87, 2580, 89, 0]
48 [0, 93, 2568, 95, 0]
50 [0, 97, 2560, 99, 0]
52 [0, 51, 2652, 53, 0]
54 [1, 99, 2554, 101, 1]
56 [0, 102, 2551, 102, 1]
58 [0, 95, 2564, 97, 0]
60 [0, 91, 2572, 93, 0]
62 [0, 85, 2584, 87, 0]
64 [0, 87, 2580, 89, 0]
66 [0, 81, 2592, 83, 0]
68 [0, 80, 2594, 82, 0]
70 [0, 81, 2592, 83, 0]
72 [0, 72, 2610, 74, 0]
74 [0, 78, 2598, 80, 0]
76 [0, 71, 2612, 73, 0]
78 [0, 75, 2604, 77, 0]
80 [0, 68, 2618, 70, 0]
82 [0, 79, 2596, 81, 0]
84 [0, 75, 2604, 77, 0]
86 [0, 81, 2592, 83, 0]
88 [0, 74, 2606, 76, 0]
90 [0, 75, 2604, 77, 0]
92 [0, 85, 2584, 87, 0]
94 [0, 79, 2596, 81, 0]
96 [0, 82, 2590, 84, 0]
98 [0, 88, 2578, 90, 0]
100 [0, 89, 2576, 91, 0]

One-dimensional cuspidal spaces:

12 [1, 86, 2580, 88, 1]
16 [1, 82, 2588, 84, 1]
18 [1, 77, 2598, 79, 1]
20 [1, 82, 2588, 84, 1]
22 [1, 77, 2598, 79, 1]
26 [1, 75, 2602, 77, 1]
