Eisenstein series:

(4, [0, 3, 12, 5]),
(6, [1, 3, 9, 7]),
(8, [0, 3, 12, 5]),
(10, [0, 4, 10, 6]),
(12, [0, 3, 12, 5]),
(14, [2, 6, 5, 3, 3, 1]),
(16, [0, 3, 12, 5]),
(18, [2, 2, 9, 6, 1]),
(20, [0, 0, 18, 2]),
(22, [0, 4, 10, 6]),
(24, [0, 3, 12, 5]),
(26, [1, 3, 9, 7]),
(28, [0, 3, 12, 5]),
(30, [0, 4, 10, 6]),
(32, [0, 3, 12, 5]),
(34, [2, 6, 5, 3, 3, 1]),
(36, [0, 3, 12, 5]),
(38, [2, 2, 9, 6, 1]),
(40, [0, 0, 18, 2]),
(42, [0, 4, 10, 6]),
(44, [0, 3, 12, 5]),
(46, [1, 3, 9, 7]),
(48, [0, 3, 12, 5]),
(50, [0, 4, 10, 6]),
(52, [0, 3, 12, 5]),
(54, [2, 6, 5, 3, 3, 1]),
(56, [0, 3, 12, 5]),
(58, [2, 2, 9, 6, 1]),
(60, [0, 0, 18, 2]),
(62, [0, 4, 10, 6]),
(64, [0, 3, 12, 5]),
(66, [1, 3, 9, 7]),
(68, [0, 3, 12, 5]),
(70, [0, 4, 10, 6]),
(72, [0, 3, 12, 5]),
(74, [2, 6, 5, 3, 3, 1]),
(76, [0, 3, 12, 5]),
(78, [2, 2, 9, 6, 1]),
(80, [0, 0, 18, 2]),
(82, [0, 4, 10, 6]),
(84, [0, 3, 12, 5]),
(86, [1, 3, 9, 7]),
(88, [0, 3, 12, 5]),
(90, [0, 4, 10, 6]),
(92, [0, 3, 12, 5]),
(94, [2, 6, 5, 3, 3, 1]),
(96, [0, 3, 12, 5]),
(98, [2, 2, 9, 6, 1]),
(100, [0, 0, 18, 2])

One-dimensional cuspidal spaces:

(12, [0, 4, 10, 6]),
(16, [0, 4, 10, 6]),
(18, [2, 6, 5, 3, 3, 1]),
(20, [2, 6, 5, 3, 3, 1]),
(22, [2, 6, 5, 3, 3, 1]),
(26, [2, 6, 5, 3, 3, 1])
