Eisenstein series:

4 [4, 81, 123, 81, 5]
6 [0, 10, 272, 12, 0]
8 [1, 45, 201, 45, 2]
10 [5, 79, 125, 79, 6]
12 [0, 9, 274, 11, 0]
14 [3, 42, 202, 44, 3]
16 [1, 42, 206, 44, 1]
18 [0, 14, 264, 16, 0]
20 [5, 80, 123, 80, 6]
22 [0, 44, 204, 46, 0]
24 [0, 10, 272, 12, 0]
26 [7, 77, 124, 79, 7]
28 [1, 42, 206, 44, 1]
30 [0, 8, 276, 10, 0]
32 [6, 78, 124, 80, 6]
34 [4, 80, 125, 80, 5]
36 [0, 8, 276, 10, 0]
38 [5, 80, 123, 80, 6]
40 [4, 81, 123, 81, 5]
42 [0, 5, 282, 7, 0]
44 [0, 47, 200, 45, 2]
46 [5, 80, 123, 80, 6]
48 [0, 10, 272, 12, 0]
50 [2, 44, 201, 44, 3]
52 [4, 80, 125, 80, 5]
54 [0, 9, 274, 11, 0]
56 [3, 42, 202, 44, 3]
58 [1, 42, 206, 44, 1]
60 [0, 14, 264, 16, 0]
62 [6, 79, 123, 79, 7]
64 [1, 43, 204, 45, 1]
66 [0, 10, 272, 12, 0]
68 [6, 78, 124, 80, 6]
70 [1, 42, 206, 44, 1]
72 [0, 8, 276, 10, 0]
74 [6, 78, 124, 80, 6]
76 [4, 80, 125, 80, 5]
78 [0, 8, 276, 10, 0]
80 [4, 81, 123, 81, 5]
82 [4, 81, 123, 81, 5]
84 [0, 5, 282, 7, 0]
86 [0, 46, 201, 46, 1]
88 [4, 81, 123, 81, 5]
90 [0, 10, 272, 12, 0]
92 [2, 44, 201, 44, 3]
94 [5, 79, 125, 79, 6]
96 [0, 9, 274, 11, 0]
98 [3, 42, 202, 44, 3]
100 [1, 43, 205, 43, 2]

One-dimensional cuspidal spaces:

12 [6, 79, 123, 79, 7]
16 [4, 41, 202, 43, 4]
18 [5, 80, 123, 80, 6]
20 [6, 79, 123, 79, 7]
22 [3, 42, 203, 42, 4]
26 [4, 82, 122, 80, 6]
