Eisenstein series:

[(4, [0, 43, 412, 45]),
 (6, [37, 64, 297, 64, 38]),
 (8, [0, 45, 408, 47]),
 (10, [24, 77, 296, 79, 24]),
 (12, [0, 24, 450, 26]),
 (14, [48, 143, 117, 143, 49]),
 (16, [0, 23, 452, 25]),
 (18, [46, 145, 117, 145, 47]),
 (20, [0, 4, 490, 6]),
 (22, [24, 77, 295, 81, 23]),
 (24, [0, 44, 410, 46]),
 (26, [37, 64, 297, 64, 38]),
 (28, [0, 44, 410, 46]),
 (30, [24, 77, 295, 81, 23]),
 (32, [0, 24, 450, 26]),
 (34, [47, 144, 117, 144, 48]),
 (36, [0, 24, 450, 26]),
 (38, [48, 143, 117, 143, 49]),
 (40, [0, 4, 490, 6]),
 (42, [23, 79, 296, 77, 25]),
 (44, [0, 45, 408, 47]),
 (46, [40, 61, 297, 61, 41]),
 (48, [0, 45, 408, 47]),
 (50, [24, 74, 302, 76, 24]),
 (52, [0, 25, 448, 27]),
 (54, [48, 143, 117, 143, 49]),
 (56, [0, 24, 450, 26]),
 (58, [49, 142, 117, 142, 50]),
 (60, [0, 4, 490, 6]),
 (62, [23, 79, 295, 79, 24]),
 (64, [0, 44, 410, 46]),
 (66, [38, 63, 297, 63, 39]),
 (68, [0, 44, 410, 46]),
 (70, [24, 77, 295, 81, 23]),
 (72, [0, 25, 448, 27]),
 (74, [45, 146, 117, 146, 46]),
 (76, [0, 24, 450, 26]),
 (78, [46, 145, 117, 145, 47]),
 (80, [0, 4, 490, 6]),
 (82, [23, 79, 295, 79, 24]),
 (84, [0, 43, 412, 45]),
 (86, [37, 64, 297, 64, 38]),
 (88, [0, 45, 408, 47]),
 (90, [23, 79, 295, 79, 24]),
 (92, [0, 24, 450, 26]),
 (94, [48, 143, 117, 143, 49]),
 (96, [0, 23, 452, 25]),
 (98, [47, 144, 117, 144, 48]),
 (100, [0, 3, 492, 5]),
 (102, [24, 74, 301, 78, 23]),
 (104, [0, 43, 412, 45]),
 (106, [37, 64, 297, 64, 38]),
 (108, [0, 45, 408, 47]),
 (110, [24, 77, 296, 79, 24]),
 (112, [0, 24, 450, 26]),
 (114, [48, 143, 117, 143, 49]),
 (116, [0, 23, 452, 25]),
 (118, [46, 145, 117, 145, 47]),
 (120, [0, 4, 490, 6]),
 (122, [24, 77, 295, 81, 23]),
 (124, [0, 44, 410, 46]),
 (126, [37, 64, 297, 64, 38]),
 (128, [0, 44, 410, 46]),
 (130, [24, 77, 295, 81, 23]),
 (132, [0, 24, 450, 26]),
 (134, [47, 144, 117, 144, 48]),
 (136, [0, 24, 450, 26]),
 (138, [48, 143, 117, 143, 49]),
 (140, [0, 4, 490, 6]),
 (142, [23, 79, 296, 77, 25]),
 (144, [0, 45, 408, 47]),
 (146, [39, 62, 297, 62, 40]),
 (148, [0, 45, 408, 47]),
 (150, [24, 74, 302, 76, 24]),
 (152, [0, 25, 448, 27]),
 (154, [48, 143, 117, 143, 49]),
 (156, [0, 24, 450, 26]),
 (158, [49, 142, 117, 142, 50]),
 (160, [0, 4, 490, 6]),
 (162, [23, 79, 295, 79, 24]),
 (164, [0, 44, 410, 46]),
 (166, [38, 63, 297, 63, 39]),
 (168, [0, 44, 410, 46]),
 (170, [24, 77, 295, 81, 23]),
 (172, [0, 25, 448, 27]),
 (174, [45, 146, 117, 146, 46]),
 (176, [0, 24, 450, 26]),
 (178, [46, 145, 117, 145, 47]),
 (180, [0, 4, 490, 6]),
 (182, [23, 79, 295, 79, 24]),
 (184, [0, 43, 412, 45]),
 (186, [37, 64, 297, 64, 38]),
 (188, [0, 45, 408, 47]),
 (190, [23, 79, 295, 79, 24]),
 (192, [0, 24, 450, 26]),
 (194, [48, 143, 117, 143, 49]),
 (196, [0, 23, 452, 25]),
 (198, [47, 144, 117, 144, 48]),
 (200, [0, 3, 492, 5]),
 (202, [24, 74, 301, 78, 23]),
 (204, [0, 43, 412, 45]),
 (206, [37, 64, 297, 64, 38]),
 (208, [0, 45, 408, 47]),
 (210, [24, 77, 296, 79, 24]),
 (212, [0, 24, 450, 26]),
 (214, [48, 143, 117, 143, 49]),
 (216, [0, 23, 452, 25]),
 (218, [46, 145, 117, 145, 47]),
 (220, [0, 4, 490, 6]),
 (222, [24, 78, 294, 80, 24]),
 (224, [0, 44, 410, 46]),
 (226, [37, 64, 297, 64, 38]),
 (228, [0, 44, 410, 46]),
 (230, [24, 77, 295, 81, 23]),
 (232, [0, 24, 450, 26]),
 (234, [47, 144, 117, 144, 48]),
 (236, [0, 24, 450, 26]),
 (238, [48, 143, 117, 143, 49]),
 (240, [0, 4, 490, 6]),
 (242, [23, 79, 296, 77, 25]),
 (244, [0, 45, 408, 47]),
 (246, [39, 62, 297, 62, 40]),
 (248, [0, 45, 408, 47]),
 (250, [24, 74, 302, 76, 24]),
 (252, [0, 25, 448, 27]),
 (254, [48, 143, 117, 143, 49]),
 (256, [0, 24, 450, 26]),
 (258, [49, 142, 117, 142, 50]),
 (260, [0, 4, 490, 6]),
 (262, [23, 79, 295, 79, 24]),
 (264, [0, 44, 410, 46]),
 (266, [38, 63, 297, 63, 39]),
 (268, [0, 44, 410, 46]),
 (270, [24, 77, 295, 81, 23]),
 (272, [0, 25, 448, 27]),
 (274, [45, 146, 117, 146, 46]),
 (276, [0, 24, 450, 26]),
 (278, [46, 145, 117, 145, 47]),
 (280, [0, 4, 490, 6]),
 (282, [23, 79, 295, 79, 24]),
 (284, [0, 43, 412, 45]),
 (286, [37, 64, 297, 64, 38]),
 (288, [0, 45, 408, 47]),
 (290, [23, 79, 295, 79, 24]),
 (292, [0, 24, 450, 26]),
 (294, [48, 143, 117, 143, 49]),
 (296, [0, 23, 452, 25]),
 (298, [47, 144, 117, 144, 48]),
 (300, [0, 3, 492, 5]),
 (302, [24, 74, 301, 78, 23]),
 (304, [0, 43, 412, 45]),
 (306, [37, 64, 297, 64, 38]),
 (308, [0, 45, 408, 47]),
 (310, [24, 77, 296, 79, 24]),
 (312, [0, 24, 450, 26]),
 (314, [48, 143, 117, 143, 49]),
 (316, [0, 23, 452, 25]),
 (318, [46, 145, 117, 145, 47]),
 (320, [0, 4, 490, 6]),
 (322, [24, 77, 295, 81, 23]),
 (324, [0, 44, 410, 46]),
 (326, [38, 63, 297, 63, 39]),
 (328, [0, 44, 410, 46]),
 (330, [24, 77, 295, 81, 23]),
 (332, [0, 24, 450, 26]),
 (334, [47, 144, 117, 144, 48]),
 (336, [0, 24, 450, 26]),
 (338, [48, 143, 117, 143, 49]),
 (340, [0, 4, 490, 6]),
 (342, [23, 79, 296, 77, 25]),
 (344, [0, 45, 408, 47]),
 (346, [39, 62, 297, 62, 40]),
 (348, [0, 45, 408, 47]),
 (350, [24, 74, 302, 76, 24]),
 (352, [0, 25, 448, 27]),
 (354, [48, 143, 117, 143, 49]),
 (356, [0, 24, 450, 26]),
 (358, [49, 142, 117, 142, 50]),
 (360, [0, 4, 490, 6]),
 (362, [23, 79, 295, 79, 24]),
 (364, [0, 44, 410, 46]),
 (366, [39, 62, 297, 62, 40]),
 (368, [0, 44, 410, 46]),
 (370, [24, 77, 295, 81, 23]),
 (372, [0, 25, 448, 27]),
 (374, [45, 146, 117, 146, 46]),
 (376, [0, 24, 450, 26]),
 (378, [46, 145, 117, 145, 47]),
 (380, [0, 4, 490, 6]),
 (382, [23, 79, 295, 79, 24]),
 (384, [0, 43, 412, 45]),
 (386, [37, 64, 297, 64, 38]),
 (388, [0, 45, 408, 47]),
 (390, [23, 79, 295, 79, 24]),
 (392, [0, 24, 450, 26]),
 (394, [48, 143, 117, 143, 49]),
 (396, [0, 23, 452, 25]),
 (398, [47, 144, 117, 144, 48]),
 (400, [0, 3, 492, 5]),
 (402, [24, 75, 300, 77, 24]),
 (404, [0, 43, 412, 45]),
 (406, [37, 64, 297, 64, 38]),
 (408, [0, 45, 408, 47]),
 (410, [24, 77, 296, 79, 24]),
 (412, [0, 24, 450, 26]),
 (414, [48, 143, 117, 143, 49]),
 (416, [0, 23, 452, 25]),
 (418, [46, 145, 117, 145, 47]),
 (420, [0, 4, 490, 6]),
 (422, [24, 77, 295, 81, 23]),
 (424, [0, 44, 410, 46]),
 (426, [37, 64, 297, 64, 38]),
 (428, [0, 44, 410, 46]),
 (430, [24, 77, 295, 81, 23]),
 (432, [0, 24, 450, 26]),
 (434, [47, 144, 117, 144, 48]),
 (436, [0, 24, 450, 26]),
 (438, [48, 143, 117, 143, 49]),
 (440, [0, 4, 490, 6]),
 (442, [23, 79, 296, 77, 25]),
 (444, [0, 45, 408, 47]),
 (446, [39, 62, 297, 62, 40]),
 (448, [0, 45, 408, 47]),
 (450, [24, 74, 302, 76, 24]),
 (452, [0, 25, 448, 27]),
 (454, [48, 143, 117, 143, 49]),
 (456, [0, 24, 450, 26]),
 (458, [49, 142, 117, 142, 50]),
 (460, [0, 4, 490, 6]),
 (462, [23, 79, 295, 79, 24]),
 (464, [0, 44, 410, 46]),
 (466, [38, 63, 297, 63, 39]),
 (468, [0, 44, 410, 46]),
 (470, [24, 77, 295, 81, 23]),
 (472, [0, 25, 448, 27]),
 (474, [45, 146, 117, 146, 46]),
 (476, [0, 24, 450, 26]),
 (478, [46, 145, 117, 145, 47]),
 (480, [0, 4, 490, 6]),
 (482, [23, 79, 295, 79, 24]),
 (484, [0, 43, 412, 45]),
 (486, [37, 64, 297, 64, 38]),
 (488, [0, 45, 408, 47]),
 (490, [23, 79, 295, 79, 24]),
 (492, [0, 24, 450, 26]),
 (494, [48, 143, 117, 143, 49]),
 (496, [0, 23, 452, 25]),
 (498, [47, 144, 117, 144, 48]),
 (500, [0, 0, 498, 2])]

One-dimensional cuspidal spaces:

[(12, [23, 79, 295, 79, 24]),
 (16, [37, 64, 297, 64, 38]),
 (18, [47, 144, 117, 144, 48]),
 (20, [23, 78, 296, 80, 23]),
 (22, [24, 77, 295, 81, 23]),
 (26, [36, 65, 297, 65, 37])]
