Eisenstein series:

[(4, [0, 7, 26, 9]),
 (6, [0, 5, 30, 7]),
 (8, [1, 6, 26, 8, 1]),
 (10, [0, 10, 21, 10, 1]),
 (12, [0, 5, 30, 7]),
 (14, [0, 8, 25, 8, 1]),
 (16, [0, 4, 32, 6]),
 (18, [0, 5, 30, 7]),
 (20, [2, 6, 24, 9, 0, 1]),
 (22, [0, 2, 36, 4]),
 (24, [0, 5, 30, 7]),
 (26, [2, 10, 14, 16]),
 (28, [0, 4, 32, 6]),
 (30, [0, 5, 30, 7]),
 (32, [1, 7, 24, 9, 1]),
 (34, [0, 10, 21, 10, 1]),
 (36, [0, 5, 30, 7]),
 (38, [2, 6, 24, 8, 2]),
 (40, [0, 7, 26, 9]),
 (42, [0, 0, 40, 2]),
 (44, [1, 6, 26, 8, 1]),
 (46, [0, 7, 26, 9]),
 (48, [0, 5, 30, 7]),
 (50, [1, 6, 26, 8, 1]),
 (52, [0, 10, 21, 10, 1]),
 (54, [0, 5, 30, 7]),
 (56, [0, 8, 25, 8, 1]),
 (58, [0, 4, 32, 6]),
 (60, [0, 5, 30, 7]),
 (62, [2, 6, 24, 9, 0, 1]),
 (64, [0, 2, 36, 4]),
 (66, [0, 5, 30, 7]),
 (68, [2, 10, 14, 16]),
 (70, [0, 4, 32, 6]),
 (72, [0, 5, 30, 7]),
 (74, [1, 7, 24, 9, 1]),
 (76, [0, 10, 21, 10, 1]),
 (78, [0, 5, 30, 7]),
 (80, [2, 6, 24, 8, 2]),
 (82, [0, 7, 26, 9]),
 (84, [0, 0, 40, 2]),
 (86, [1, 6, 26, 8, 1]),
 (88, [0, 7, 26, 9]),
 (90, [0, 5, 30, 7]),
 (92, [1, 6, 26, 8, 1]),
 (94, [0, 10, 21, 10, 1]),
 (96, [0, 5, 30, 7]),
 (98, [0, 8, 25, 8, 1]),
 (100, [0, 4, 32, 6])]

One-dimensional cuspidal spaces:

[(12, [0, 5, 30, 7]),
 (16, [0, 8, 25, 8, 1]),
 (18, [0, 8, 25, 8, 1]),
 (20, [2, 6, 23, 10, 1]),
 (22, [1, 7, 24, 9, 1]),
 (26, [2, 10, 14, 16])]
