Eisenstein series:

[(4, [4, 81, 123, 81, 5]),
 (6, [0, 10, 272, 12]),
 (8, [1, 45, 201, 45, 2]),
 (10, [5, 79, 125, 79, 6]),
 (12, [0, 9, 274, 11]),
 (14, [3, 42, 202, 44, 3]),
 (16, [1, 42, 206, 44, 1]),
 (18, [0, 14, 264, 16]),
 (20, [5, 80, 123, 80, 6]),
 (22, [0, 44, 204, 46]),
 (24, [0, 10, 272, 12]),
 (26, [7, 77, 124, 79, 7]),
 (28, [1, 42, 206, 44, 1]),
 (30, [0, 8, 276, 10]),
 (32, [6, 78, 124, 80, 6]),
 (34, [4, 80, 125, 80, 5]),
 (36, [0, 8, 276, 10]),
 (38, [5, 80, 123, 80, 6]),
 (40, [4, 81, 123, 81, 5]),
 (42, [0, 5, 282, 7]),
 (44, [0, 47, 200, 45, 2]),
 (46, [5, 80, 123, 80, 6]),
 (48, [0, 10, 272, 12]),
 (50, [2, 44, 201, 44, 3]),
 (52, [4, 80, 125, 80, 5]),
 (54, [0, 9, 274, 11]),
 (56, [3, 42, 202, 44, 3]),
 (58, [1, 42, 206, 44, 1]),
 (60, [0, 14, 264, 16]),
 (62, [6, 79, 123, 79, 7]),
 (64, [1, 43, 204, 45, 1]),
 (66, [0, 10, 272, 12]),
 (68, [6, 78, 124, 80, 6]),
 (70, [1, 42, 206, 44, 1]),
 (72, [0, 8, 276, 10]),
 (74, [6, 78, 124, 80, 6]),
 (76, [4, 80, 125, 80, 5]),
 (78, [0, 8, 276, 10]),
 (80, [4, 81, 123, 81, 5]),
 (82, [4, 81, 123, 81, 5]),
 (84, [0, 5, 282, 7]),
 (86, [0, 46, 201, 46, 1]),
 (88, [4, 81, 123, 81, 5]),
 (90, [0, 10, 272, 12]),
 (92, [2, 44, 201, 44, 3]),
 (94, [5, 79, 125, 79, 6]),
 (96, [0, 9, 274, 11]),
 (98, [3, 42, 202, 44, 3]),
 (100, [1, 43, 205, 43, 2]),
 (102, [0, 14, 264, 16]),
 (104, [5, 80, 123, 80, 6]),
 (106, [0, 44, 204, 46]),
 (108, [0, 10, 272, 12]),
 (110, [6, 78, 124, 80, 6]),
 (112, [2, 41, 205, 45, 1]),
 (114, [0, 8, 276, 10]),
 (116, [8, 76, 124, 78, 8]),
 (118, [4, 80, 125, 80, 5]),
 (120, [0, 8, 276, 10]),
 (122, [5, 80, 123, 80, 6]),
 (124, [4, 81, 123, 81, 5]),
 (126, [0, 5, 282, 7]),
 (128, [0, 46, 201, 46, 1]),
 (130, [5, 80, 123, 80, 6]),
 (132, [0, 10, 272, 12]),
 (134, [1, 45, 201, 45, 2]),
 (136, [4, 80, 125, 80, 5]),
 (138, [0, 9, 274, 11]),
 (140, [4, 41, 202, 43, 4]),
 (142, [1, 42, 206, 44, 1]),
 (144, [0, 14, 264, 16]),
 (146, [6, 79, 123, 79, 7]),
 (148, [0, 44, 204, 46]),
 (150, [0, 10, 272, 12]),
 (152, [7, 77, 124, 79, 7]),
 (154, [1, 42, 206, 44, 1]),
 (156, [0, 8, 276, 10]),
 (158, [6, 78, 124, 80, 6]),
 (160, [4, 80, 125, 80, 5]),
 (162, [0, 8, 276, 10]),
 (164, [5, 80, 123, 80, 6]),
 (166, [5, 80, 123, 80, 6]),
 (168, [0, 5, 282, 7]),
 (170, [0, 46, 201, 46, 1]),
 (172, [4, 81, 123, 81, 5]),
 (174, [0, 10, 272, 12]),
 (176, [1, 45, 201, 45, 2]),
 (178, [4, 80, 125, 80, 5]),
 (180, [0, 9, 274, 11]),
 (182, [3, 42, 202, 44, 3]),
 (184, [2, 41, 205, 45, 1]),
 (186, [0, 14, 264, 16]),
 (188, [5, 80, 123, 80, 6]),
 (190, [0, 44, 204, 46]),
 (192, [0, 10, 272, 12]),
 (194, [8, 76, 124, 78, 8]),
 (196, [1, 43, 205, 43, 2]),
 (198, [0, 8, 276, 10]),
 (200, [8, 76, 124, 78, 8]),
 (202, [5, 79, 125, 79, 6]),
 (204, [0, 8, 276, 10]),
 (206, [5, 80, 123, 80, 6]),
 (208, [4, 81, 123, 81, 5]),
 (210, [0, 5, 282, 7]),
 (212, [0, 46, 201, 46, 1]),
 (214, [4, 81, 123, 81, 5]),
 (216, [0, 10, 272, 12]),
 (218, [2, 44, 201, 44, 3]),
 (220, [4, 80, 125, 80, 5]),
 (222, [0, 9, 274, 11]),
 (224, [3, 42, 202, 44, 3]),
 (226, [1, 42, 206, 44, 1]),
 (228, [0, 14, 264, 16]),
 (230, [6, 79, 123, 79, 7]),
 (232, [1, 43, 204, 45, 1]),
 (234, [0, 10, 272, 12]),
 (236, [6, 78, 124, 80, 6]),
 (238, [1, 42, 206, 44, 1]),
 (240, [0, 8, 276, 10]),
 (242, [6, 78, 124, 80, 6]),
 (244, [4, 80, 125, 80, 5]),
 (246, [0, 8, 276, 10]),
 (248, [4, 81, 123, 81, 5]),
 (250, [5, 80, 123, 80, 6]),
 (252, [0, 5, 282, 7]),
 (254, [0, 46, 201, 46, 1]),
 (256, [4, 81, 123, 81, 5]),
 (258, [0, 10, 272, 12]),
 (260, [1, 45, 201, 45, 2]),
 (262, [4, 80, 125, 80, 5]),
 (264, [0, 9, 274, 11]),
 (266, [3, 43, 201, 43, 4]),
 (268, [1, 42, 206, 44, 1]),
 (270, [0, 14, 264, 16]),
 (272, [5, 80, 123, 80, 6]),
 (274, [0, 44, 204, 46]),
 (276, [0, 10, 272, 12]),
 (278, [7, 77, 124, 79, 7]),
 (280, [1, 42, 206, 44, 1]),
 (282, [0, 8, 276, 10]),
 (284, [7, 77, 124, 79, 7]),
 (286, [5, 79, 125, 79, 6]),
 (288, [0, 8, 276, 10]),
 (290, [4, 81, 123, 81, 5]),
 (292, [4, 81, 123, 81, 5]),
 (294, [0, 0, 292, 2]),
 (296, [1, 45, 201, 45, 2]),
 (298, [4, 81, 123, 81, 5]),
 (300, [0, 10, 272, 12])]

One-dimensional cuspidal spaces:

[(12, [6, 79, 123, 79, 7]),
 (16, [4, 41, 202, 43, 4]),
 (18, [5, 80, 123, 80, 6]),
 (20, [6, 79, 123, 79, 7]),
 (22, [3, 42, 203, 42, 4]),
 (26, [4, 82, 122, 80, 6])]
