Eisenstein series:

[(4, [100, 436, 986, 434, 102]),
 (6, [0, 89, 1878, 91]),
 (8, [76, 219, 1467, 219, 77]),
 (10, [96, 440, 984, 442, 96]),
 (12, [0, 91, 1874, 93]),
 (14, [46, 246, 1474, 244, 48]),
 (16, [46, 232, 1498, 238, 44]),
 (18, [0, 91, 1874, 93]),
 (20, [94, 459, 951, 459, 95]),
 (22, [74, 208, 1492, 210, 74]),
 (24, [0, 90, 1876, 92]),
 (26, [94, 455, 958, 457, 94]),
 (28, [44, 234, 1500, 236, 44]),
 (30, [0, 49, 1958, 51]),
 (32, [93, 456, 958, 458, 93]),
 (34, [92, 446, 982, 444, 94]),
 (36, [0, 47, 1962, 49]),
 (38, [93, 459, 953, 459, 94]),
 (40, [94, 444, 982, 442, 96]),
 (42, [0, 8, 2040, 10]),
 (44, [47, 244, 1473, 248, 46]),
 (46, [94, 444, 982, 442, 96]),
 (48, [0, 89, 1878, 91]),
 (50, [76, 219, 1467, 219, 77]),
 (52, [92, 446, 982, 444, 94]),
 (54, [0, 90, 1876, 92]),
 (56, [47, 242, 1477, 246, 46]),
 (58, [44, 234, 1500, 236, 44]),
 (60, [0, 90, 1876, 92]),
 (62, [93, 461, 949, 461, 94]),
 (64, [74, 208, 1492, 210, 74]),
 (66, [0, 91, 1874, 93]),
 (68, [93, 456, 958, 458, 93]),
 (70, [44, 234, 1500, 236, 44]),
 (72, [0, 48, 1960, 50]),
 (74, [94, 455, 958, 457, 94]),
 (76, [92, 446, 982, 444, 94]),
 (78, [0, 48, 1960, 50]),
 (80, [94, 458, 953, 458, 95]),
 (82, [94, 444, 982, 442, 96]),
 (84, [0, 8, 2040, 10]),
 (86, [46, 247, 1473, 243, 49]),
 (88, [97, 439, 984, 441, 97]),
 (90, [0, 90, 1876, 92]),
 (92, [77, 219, 1466, 217, 79]),
 (94, [97, 439, 986, 437, 99]),
 (96, [0, 92, 1872, 94]),
 (98, [48, 237, 1486, 239, 48]),
 (100, [46, 226, 1512, 228, 46]),
 (102, [0, 92, 1872, 94]),
 (104, [96, 455, 955, 455, 97]),
 (106, [74, 210, 1488, 212, 74]),
 (108, [0, 90, 1876, 92]),
 (110, [96, 451, 960, 457, 94]),
 (112, [44, 236, 1498, 234, 46]),
 (114, [0, 48, 1960, 50]),
 (116, [94, 455, 958, 457, 94]),
 (118, [92, 446, 982, 444, 94]),
 (120, [0, 47, 1962, 49]),
 (122, [93, 460, 951, 460, 94]),
 (124, [94, 443, 984, 441, 96]),
 (126, [0, 8, 2040, 10]),
 (128, [47, 243, 1475, 247, 46]),
 (130, [94, 443, 984, 441, 96]),
 (132, [0, 90, 1876, 92]),
 (134, [76, 220, 1465, 220, 77]),
 (136, [92, 446, 982, 444, 94]),
 (138, [0, 90, 1876, 92]),
 (140, [46, 245, 1475, 245, 47]),
 (142, [44, 234, 1500, 236, 44]),
 (144, [0, 91, 1874, 93]),
 (146, [92, 459, 955, 459, 93]),
 (148, [74, 208, 1492, 210, 74]),
 (150, [0, 91, 1874, 93]),
 (152, [92, 457, 958, 459, 92]),
 (154, [44, 234, 1500, 236, 44]),
 (156, [0, 49, 1958, 51]),
 (158, [92, 456, 960, 458, 92]),
 (160, [92, 446, 982, 444, 94]),
 (162, [0, 47, 1962, 49]),
 (164, [93, 459, 953, 459, 94]),
 (166, [94, 443, 984, 441, 96]),
 (168, [0, 8, 2040, 10]),
 (170, [46, 244, 1477, 244, 47]),
 (172, [94, 443, 984, 441, 96]),
 (174, [0, 90, 1876, 92]),
 (176, [77, 218, 1467, 218, 78]),
 (178, [92, 446, 982, 444, 94]),
 (180, [0, 92, 1872, 94]),
 (182, [47, 244, 1473, 248, 46]),
 (184, [44, 236, 1498, 234, 46]),
 (186, [0, 90, 1876, 92]),
 (188, [96, 455, 953, 459, 95]),
 (190, [74, 210, 1488, 212, 74]),
 (192, [0, 90, 1876, 92]),
 (194, [94, 453, 962, 455, 94]),
 (196, [46, 226, 1512, 228, 46]),
 (198, [0, 48, 1960, 50]),
 (200, [95, 452, 962, 454, 95]),
 (202, [97, 439, 986, 437, 99]),
 (204, [0, 48, 1960, 50]),
 (206, [96, 455, 954, 457, 96]),
 (208, [97, 439, 984, 441, 97]),
 (210, [0, 8, 2040, 10]),
 (212, [47, 243, 1475, 247, 46]),
 (214, [94, 444, 982, 442, 96]),
 (216, [0, 89, 1878, 91]),
 (218, [76, 219, 1467, 219, 77]),
 (220, [92, 446, 982, 444, 94]),
 (222, [0, 90, 1876, 92]),
 (224, [46, 246, 1473, 246, 47]),
 (226, [44, 234, 1500, 236, 44]),
 (228, [0, 90, 1876, 92]),
 (230, [93, 460, 951, 460, 94]),
 (232, [74, 208, 1492, 210, 74]),
 (234, [0, 91, 1874, 93]),
 (236, [92, 456, 960, 458, 92]),
 (238, [44, 234, 1500, 236, 44]),
 (240, [0, 48, 1960, 50]),
 (242, [92, 456, 960, 458, 92]),
 (244, [92, 446, 982, 444, 94]),
 (246, [0, 48, 1960, 50]),
 (248, [93, 459, 953, 459, 94]),
 (250, [94, 444, 982, 442, 96]),
 (252, [0, 8, 2040, 10]),
 (254, [46, 246, 1473, 246, 47]),
 (256, [94, 444, 982, 442, 96]),
 (258, [0, 90, 1876, 92]),
 (260, [76, 219, 1467, 219, 77]),
 (262, [92, 446, 982, 444, 94]),
 (264, [0, 90, 1876, 92]),
 (266, [47, 245, 1471, 249, 46]),
 (268, [44, 234, 1500, 236, 44]),
 (270, [0, 91, 1874, 93]),
 (272, [93, 460, 951, 460, 94]),
 (274, [74, 208, 1492, 210, 74]),
 (276, [0, 90, 1876, 92]),
 (278, [94, 455, 958, 457, 94]),
 (280, [46, 232, 1498, 238, 44]),
 (282, [0, 48, 1960, 50]),
 (284, [95, 452, 961, 456, 94]),
 (286, [96, 440, 984, 442, 96]),
 (288, [0, 47, 1962, 49]),
 (290, [97, 454, 955, 454, 98]),
 (292, [100, 436, 986, 434, 102]),
 (294, [0, 5, 2046, 7]),
 (296, [48, 237, 1486, 239, 48]),
 (298, [100, 436, 986, 434, 102]),
 (300, [0, 89, 1878, 91]),
 (302, [76, 219, 1467, 219, 77]),
 (304, [96, 440, 984, 442, 96]),
 (306, [0, 91, 1874, 93]),
 (308, [46, 246, 1474, 244, 48]),
 (310, [46, 232, 1498, 238, 44]),
 (312, [0, 91, 1874, 93]),
 (314, [94, 459, 951, 459, 95]),
 (316, [74, 208, 1492, 210, 74]),
 (318, [0, 90, 1876, 92]),
 (320, [94, 455, 958, 457, 94]),
 (322, [44, 234, 1500, 236, 44]),
 (324, [0, 49, 1958, 51]),
 (326, [93, 456, 958, 458, 93]),
 (328, [92, 446, 982, 444, 94]),
 (330, [0, 47, 1962, 49]),
 (332, [93, 459, 953, 459, 94]),
 (334, [94, 444, 982, 442, 96]),
 (336, [0, 8, 2040, 10]),
 (338, [47, 244, 1473, 248, 46]),
 (340, [94, 444, 982, 442, 96]),
 (342, [0, 89, 1878, 91]),
 (344, [76, 219, 1467, 219, 77]),
 (346, [92, 446, 982, 444, 94]),
 (348, [0, 90, 1876, 92]),
 (350, [47, 242, 1477, 246, 46]),
 (352, [44, 234, 1500, 236, 44]),
 (354, [0, 90, 1876, 92]),
 (356, [93, 461, 949, 461, 94]),
 (358, [74, 208, 1492, 210, 74]),
 (360, [0, 91, 1874, 93]),
 (362, [93, 456, 958, 458, 93]),
 (364, [44, 234, 1500, 236, 44]),
 (366, [0, 48, 1960, 50]),
 (368, [94, 455, 958, 457, 94]),
 (370, [92, 446, 982, 444, 94]),
 (372, [0, 48, 1960, 50]),
 (374, [94, 458, 953, 458, 95]),
 (376, [94, 444, 982, 442, 96]),
 (378, [0, 8, 2040, 10]),
 (380, [46, 247, 1473, 243, 49]),
 (382, [97, 439, 984, 441, 97]),
 (384, [0, 90, 1876, 92]),
 (386, [76, 220, 1466, 218, 78]),
 (388, [97, 439, 986, 437, 99]),
 (390, [0, 92, 1872, 94]),
 (392, [48, 237, 1486, 239, 48]),
 (394, [46, 226, 1512, 228, 46]),
 (396, [0, 92, 1872, 94]),
 (398, [96, 455, 955, 455, 97]),
 (400, [74, 210, 1488, 212, 74])]

One-dimensional cuspidal spaces:

[(12, [96, 440, 984, 442, 96]),
 (16, [47, 244, 1473, 248, 46]),
 (18, [94, 444, 982, 442, 96]),
 (20, [92, 446, 982, 444, 94]),
 (22, [76, 220, 1465, 220, 77]),
 (26, [94, 446, 978, 444, 96])]
