sage: e4 = eisenstein_series_qexp(4, normalization="integral", prec=1000)

m = 2

p	0's	-1's	-2's	-3's	-4's
3	0	2	0	4	0
5	0	3	12	5	0
7	0	7	26	9	0
11	0	13	82	15	0
13	0	18	118	20	0
17	0	24	222	26	0
19	0	28	284	30	0
23	0	38	428	40	0
29	0	51	708	53	0
31	0	54	820	56	0
37	0	67	1196	69	0
41	0	73	1492	75	0
43	0	77	1650	79	0
47	0	86	1988	88	0
53	0	99	2556	101	0
59	0	108	3204	110	0
61	0	115	3428	117	0

m = 3

p	0's	-1's	-2's	-3's	-4's
3	0	4	8	6	0			
5	0	6	86	8	0			
7	4	81	123	81	5
11	4	220	761	220	5
13	4	318	1383	318	5
17	4	555	3505	555	5

m = 4

p	0's	-1's	-2's	-3's	-4's
3	0	9	34	11	0
5	0	43	412	45	0
7	100	436	986	434	102


m = 5

p	0's	-1's	-2's	-3's	-4's
3	0	30	100	32	0
5	0	238	2022	240	0


m = 6

p	0's	-1's	-2's	-3's	-4's
3	0	98	288	100	0


m = 7

p	0's	-1's	-2's	-3's	-4's
3	0	208	1040	210	0


m = 8

p	0's	-1's	-2's	-3's	-4's
3	0	402	3568	404	0
